//multimach
dimwishlist:item=3211624072&perks=3250034553,3142289711,1359896290,365154968,3989629871
dimwishlist:item=3211624072&perks=3250034553,3142289711,1359896290,1015611457,3989629871
dimwishlist:item=3211624072&perks=4090651448,3142289711,1870851715,4104185692,3989629871
dimwishlist:item=3211624072&perks=4090651448,3142289711,243981275,4104185692,3989629871
dimwishlist:item=3211624072&perks=4090651448,3142289711,243981275,3891536761,3989629871
dimwishlist:item=3211624072&perks=4090651448,3142289711,1870851715,3891536761,3989629871

//tusk
dimwishlist:item=1218113510&perks=3525010810,2822142346,923806249,3993379141,3989629871
dimwishlist:item=1218113510&perks=3525010810,2822142346,2039302152,2396489472,3989629871
